Simple plain text exporter for demo purposes

See http://www.grantlee.org/apidox/for_themers.html for more information

Custom values (from the <bodies> section)
    Grav: 9.81

List of all bodies:


    Name:               sprite1
    Custom values (from the <bodies> section):
        Identifier:     0
        FixedRotation:  NO

        AnchorPointRel: { 0.506,0.506 }
        AnchorPointAbs: { 40.986,40.986 }
        Size:           { 81.000,81.000 }
    
    List of all fixtures:

        ----------------------------------------------------------
        fixtureType:             POLYGON

        Box2D special values (only available if box2d is active):
            filter_groupIndex:   
            filter_categoryBits: 
            filter_maskBits:     

        Custom values (from the <fixtures> section):
            density:             2
            friction:            0
            restitution:         0
            isSensor:            NO


        Hull polygon:
             (-9.985999999999997, 16.014000000000003)  , (-14.985999999999997, 15.014000000000003)  , (-17.985999999999997, 5.014000000000003)  , (-23.985999999999997, 3.014000000000003)  , (-20.985999999999997, -0.9859999999999971)  , (-15.285999999999994, -0.6859999999999999)  , (-10.985999999999997, 9.014000000000003)  , (-8.985999999999997, 4.014000000000003)  , (-12.985999999999997, -9.985999999999997)  , (-23.985999999999997, -13.985999999999997)  , (-25.985999999999997, -19.985999999999997)  , (-33.986, -22.985999999999997)  , (-33.986, -25.985999999999997)  , (-8.985999999999997, -17.985999999999997)  , (-0.9859999999999971, -20.985999999999997)  , (4.014000000000003, -16.985999999999997)  , (12.014000000000003, -25.985999999999997)  , (10.014000000000003, -31.985999999999997)  , (13.014000000000003, -31.985999999999997)  , (16.014000000000003, -35.986)  , (24.014000000000003, -21.985999999999997)  , (23.014000000000003, -14.985999999999997)  , (16.014000000000003, -12.985999999999997)  , (18.014000000000003, -8.985999999999997)  , (25.014000000000003, -12.985999999999997)  , (26.014000000000003, -17.985999999999997)  , (29.014000000000003, -17.985999999999997)  , (31.014000000000003, -13.985999999999997)  , (27.014000000000003, -1.985999999999997)  , (22.014000000000003, 1.014000000000003)  , (14.014000000000003, 0.014000000000002899)  , (5.014000000000003, 12.014000000000003)  , (4.014000000000003, 23.014000000000003)  , (-1.985999999999997, 33.014)  , (3.014000000000003, 40.014)  , (-2.985999999999997, 40.014)  , (-6.985999999999997, 33.014)  , (-0.9859999999999971, 21.014000000000003)  , (-3.985999999999997, 16.014000000000003) 

        Convex sub polygons:

             (-20.985999999999997, -0.9859999999999971)  , (-15.285999237060544, -0.6860007629394502)  , (-17.985999999999997, 5.014000000000003)  , (-23.985999999999997, 3.014000000000003) 
             (-2.985999999999997, 40.014)  , (-6.985999999999997, 33.014)  , (-1.985999999999997, 33.014)  , (3.014000000000003, 40.014) 
             (-10.985999999999997, 9.014000000000003)  , (-9.985999999999997, 16.014000000000003)  , (-14.985999999999997, 15.014000000000003)  , (-17.985999999999997, 5.014000000000003)  , (-15.285999237060544, -0.6860007629394502) 
             (-10.985999999999997, 9.014000000000003)  , (-8.985999999999997, 4.014000000000003)  , (14.014000000000003, 0.014000000000002899)  , (5.014000000000003, 12.014000000000003)  , (-3.985999999999997, 16.014000000000003)  , (-9.985999999999997, 16.014000000000003) 
             (16.014000000000003, -12.985999999999997)  , (12.014000000000003, -25.985999999999997)  , (13.014000000000003, -31.985999999999997)  , (16.014000000000003, -35.986)  , (24.014000000000003, -21.985999999999997)  , (23.014000000000003, -14.985999999999997) 
             (13.014000000000003, -31.985999999999997)  , (12.014000000000003, -25.985999999999997)  , (10.014000000000003, -31.985999999999997) 
             (29.014000000000003, -17.985999999999997)  , (31.014000000000003, -13.985999999999997)  , (27.014000000000003, -1.985999999999997)  , (25.014000000000003, -12.985999999999997)  , (26.014000000000003, -17.985999999999997) 
             (27.014000000000003, -1.985999999999997)  , (22.014000000000003, 1.014000000000003)  , (14.014000000000003, 0.014000000000002899)  , (18.014000000000003, -8.985999999999997)  , (25.014000000000003, -12.985999999999997) 
             (4.014000000000003, -16.985999999999997)  , (-8.985999999999997, -17.985999999999997)  , (-0.9859999999999971, -20.985999999999997) 
             (-0.9859999999999971, 21.014000000000003)  , (5.014000000000003, 12.014000000000003)  , (4.014000000000003, 23.014000000000003)  , (-1.985999999999997, 33.014)  , (-6.985999999999997, 33.014) 
             (-3.985999999999997, 16.014000000000003)  , (5.014000000000003, 12.014000000000003)  , (-0.9859999999999971, 21.014000000000003) 
             (-12.985999999999997, -9.985999999999997)  , (18.014000000000003, -8.985999999999997)  , (14.014000000000003, 0.014000000000002899)  , (-8.985999999999997, 4.014000000000003) 
             (-25.985999999999997, -19.985999999999997)  , (-8.985999999999997, -17.985999999999997)  , (18.014000000000003, -8.985999999999997)  , (-12.985999999999997, -9.985999999999997)  , (-23.985999999999997, -13.985999999999997) 
             (-33.986, -25.985999999999997)  , (-8.985999999999997, -17.985999999999997)  , (-25.985999999999997, -19.985999999999997)  , (-33.986, -22.985999999999997) 
             (16.014000000000003, -12.985999999999997)  , (4.014000000000003, -16.985999999999997)  , (12.014000000000003, -25.985999999999997) 
             (18.014000000000003, -8.985999999999997)  , (-8.985999999999997, -17.985999999999997)  , (4.014000000000003, -16.985999999999997)  , (16.014000000000003, -12.985999999999997) 



